d=0 t=   0 #     1,     2,     3,     0,     4,     5,    10,    11,     9,     8,     7,     6,    12,    13,    14,    15,    16,    17,    18,    19
d=0 t=   0 #    60,    60,    60,    60,    40,    40,    30,    30,    30,    30,    30,    30,    10,    10,    10,    10,     0,     0,   -30,   -30
d=1 t=   1 #     2,     3,     0,     1,     4,     5,     7,     6,     8,     9,    11,    10,    12,    13,    14,    15,    16,    17,    18,    19
d=1 t=   1 #     0,     0,     0,     0,   -20,   -20,   -30,   -30,   -30,   -30,   -30,   -30,   -50,   -50,   -50,   -50,   -60,   -60,   -90,   -90
d=2 t=   3 #     3,     4,     5,     2,     0,     1,    19,    18,    12,    10,     9,     6,    11,     8,    13,    14,    15,     7,    16,    17
d=2 t=   3 #    70,    70,    70,    70,    60,    60,    40,    40,    40,    40,    40,    40,    30,    30,    30,    30,    30,    30,     0,     0
d=3 t=  40 #     1,     0,     4,     9,    10,     5,    11,     8,    14,    15,     7,     2,    12,     3,    13,    16,    17,     6,    19,    18
d=3 t=  40 #   -10,   -10,   -20,   -20,   -20,   -20,   -30,   -30,   -30,   -30,   -30,   -40,   -40,   -40,   -50,   -60,   -60,   -70,   -80,   -80
d=4 t= 255 #     4,     3,    10,    19,     6,     2,    12,    18,     9,     5,    17,    16,     0,     1,     7,    13,    15,    14,     8,    11
d=4 t= 255 #   230,   230,   220,   220,   220,   220,   200,   180,   180,   180,   130,   130,   120,   120,    40,    40,    40,    40,    40,    40
d=5 t=2929 #    17,    11,     8,    14,    15,    13,     7,     1,     0,    16,     5,    12,     6,    19,     3,     9,    18,    10,     2,     4
d=5 t=2929 #  -120,  -120,  -120,  -120,  -120,  -120,  -120,  -120,  -120,  -120,  -120,  -120,  -120,  -120,  -120,  -130,  -130,  -130,  -140,  -180
########################################################################################################################################################################################################
d=0 t=   0 #     1,     2,     3,     0,     4,     5,    10,    11,     9,     8,     7,     6,    12,    13,    14,    15,    16,    17,    18,    19
d=0 t=   0 #   270,   270,   270,   270,   250,   250,   240,   240,   240,   240,   240,   240,   220,   220,   220,   220,   210,   210,   180,   180
d=1 t=   0 #     2,     3,     0,     1,     4,     5,     7,     6,     8,     9,    11,    10,    12,    13,    14,    15,    16,    17,    18,    19
d=1 t=   0 #   210,   210,   210,   210,   190,   190,   180,   180,   180,   180,   180,   180,   160,   160,   160,   160,   150,   150,   120,   120
d=2 t=   3 #     3,     4,     5,     2,     0,     1,    19,    18,    12,    10,     9,     6,    11,     8,    13,    14,    15,     7,    16,    17
d=2 t=   3 #   280,   280,   280,   280,   270,   270,   250,   250,   250,   250,   250,   250,   240,   240,   240,   240,   240,   240,   210,   210
d=3 t=  33 #     4,     1,     0,     9,     6,     5,    11,     8,    14,    15,     7,     2,    12,     3,    13,    16,    17,    10,    19,    18
d=3 t=  33 #   200,   200,   200,   190,   190,   190,   180,   180,   180,   180,   180,   170,   170,   170,   160,   150,   150,   140,   130,   130
d=4 t= 173 #     3,     4,     7,    18,    13,    12,     2,    15,    14,     8,    11,     6,     9,     5,    19,    17,     1,     0,    16,    10
d=4 t= 173 #   470,   450,   440,   440,   440,   440,   440,   440,   440,   440,   440,   440,   440,   390,   380,   340,   340,   300,   300,   240
d=0 t=   0 #     0,     1,     2,     3,     4,     5,     6,     7,     8,     9,    10,    14,    17,    16,    15,    13,    12,    11,    18,    19,    20,    21,    22,    23,    24,    25,    26,    27,    28
d=0 t=   0 #    70,    60,    60,    60,    60,    60,    50,    50,    50,    40,    40,    30,    30,    30,    30,    30,    30,    30,    20,    20,    10,    10,    10,    10,     0,     0,   -20,   -30,   -30
d=1 t=   1 #     0,     1,     3,     4,     5,     6,     7,     8,     9,    10,    15,    11,    13,    18,    19,    20,    21,    22,    25,    26,    27,    28,     2,    14,    12,    23,    16,    24,    17
d=1 t=   1 #     0,   -10,   -10,   -10,   -10,   -20,   -20,   -20,   -30,   -30,   -40,   -40,   -40,   -50,   -50,   -60,   -60,   -60,   -70,   -90,  -100,  -100,  -200,  -230,  -230,  -240,  -260,  -570,  -590
d=2 t=   9 #     8,     1,     3,     4,     0,    19,    18,     7,     2,     5,     6,    24,    10,     9,    15,    11,    13,    20,    16,    27,    23,    21,    25,    22,    28,    26,    14,    12,    17
d=2 t=   9 #   270,   260,   210,   210,   210,   190,   190,   190,   160,    60,    50,    50,    40,    30,    30,    30,    30,    30,    30,    30,    30,    10,     0,     0,   -30,   -30,  -160,  -160,  -520
d=3 t=  86 #    10,     3,     4,     0,     5,     8,     7,     6,     9,    27,    20,    13,    15,    11,    23,    18,    19,    21,    24,    25,    16,    22,    28,    26,    14,     2,     1,    12,    17
d=3 t=  86 #   -70,  -150,  -150,  -150,  -150,  -160,  -160,  -160,  -170,  -170,  -170,  -170,  -170,  -180,  -180,  -190,  -190,  -200,  -210,  -210,  -220,  -220,  -230,  -230,  -230,  -240,  -270,  -340,  -590
d=4 t= 577 #     8,     6,    12,    27,     1,    19,     4,     0,     5,     2,     3,     7,    25,    23,    26,    21,    11,    13,    20,    15,    22,    18,    16,    28,     9,    14,    10,    24,    17
d=4 t= 577 #   280,   280,   280,   280,   280,   280,   270,   270,   270,   270,   260,   260,   250,   240,   240,   240,   240,   240,   240,   230,   190,   180,   180,   180,   170,   150,    80,    50,  -210
d=5 t=8629 #     7,    18,    26,    25,     3,     9,    10,     0,     5,    15,    11,    16,    20,    23,    21,    13,    24,    22,     2,    28,     4,     6,    19,     1,    27,     8,    12,    14,    17
d=5 t=8629 #   -50,   -50,   -50,   -50,   -50,   -50,   -50,   -70,   -70,   -80,   -80,   -90,   -90,   -90,   -90,   -90,  -100,  -100,  -120,  -140,  -150,  -190,  -190,  -190,  -190,  -190,  -210,  -240,  -280
########################################################################################################################################################################################################
d=0 t=   0 #     1,     0,     3,     4,     6,     7,     8,     9,    10,    11,    12,    13,    14,    15,    19,    18,    16,    17,    20,    21,    22,    23,    24,    25,    26,    27,    28,    29,    30,    31,     2,     5
d=0 t=   0 #   250,   250,    50,    50,    50,    50,    40,    30,    30,    20,    20,    20,    20,    20,     0,     0,     0,     0,   -10,   -10,   -10,   -10,   -30,   -30,   -30,   -40,   -40,   -40,   -40,   -60,  -770, -1860
d=1 t=   1 #     1,    21,    29,     0,    31,     6,     7,     3,     9,    10,    11,    12,    13,    14,    15,    17,    16,    18,    19,    20,    23,    30,    24,    25,    27,    28,     2,     4,     8,    26,    22,     5
d=1 t=   1 #  -110,  -270,  -300,  -500,  -560,  -600,  -600,  -600,  -620,  -620,  -630,  -630,  -630,  -630,  -630,  -650,  -650,  -650,  -650,  -660,  -660,  -670,  -680,  -680,  -690,  -690,  -770,  -840,  -850,  -910,  -970, -1860
d=2 t=   7 #     0,     1,    30,    22,    21,    31,    29,     8,     3,     4,     7,    10,    20,    16,    27,    11,    26,     6,    13,     9,    15,    18,    19,    14,    17,    12,    23,    25,    28,    24,     2,     5
d=2 t=   7 #   390,   250,   240,    10,   -60,  -200,  -240,  -320,  -330,  -330,  -340,  -340,  -340,  -370,  -370,  -370,  -390,  -540,  -560,  -560,  -570,  -570,  -570,  -570,  -570,  -570,  -600,  -620,  -620,  -620,  -770, -1860
d=3 t= 114 #     0,     1,    22,    31,    29,    30,    21,     8,     4,     2,     3,    20,    11,    27,    26,    28,     6,     9,    12,    13,    15,    17,    18,    19,    16,    10,    14,    24,    25,     7,    23,     5
d=3 t= 114 #  -110,  -120,  -160,  -160,  -160,  -170,  -380,  -380,  -380,  -380,  -570,  -580,  -610,  -610,  -680,  -690,  -770,  -800,  -800,  -820,  -820,  -820,  -830,  -830,  -830,  -840,  -850,  -850,  -850,  -870,  -890, -1460
d=4 t= 459 #     1,    22,    31,    29,    21,     8,     4,     2,     0,    30,     5,    28,    20,     6,    17,    15,    10,     3,    14,    19,    18,    13,    12,    23,     9,    24,    25,    16,    27,    11,     7,    26
d=4 t= 459 #   330,   290,   290,   290,   290,   230,   230,   230,   230,   140,   -10,   -80,  -170,  -170,  -170,  -170,  -190,  -200,  -200,  -200,  -200,  -200,  -200,  -230,  -240,  -250,  -250,  -260,  -260,  -270,  -360,  -550
d=5 t=3476 #     1,     5,    21,    30,     0,    31,    29,    22,    25,    24,    15,     6,    17,    10,     7,     2,     4,    19,    12,    18,    20,     3,    13,     8,    27,    23,     9,    14,    28,    16,    11,    26
d=5 t=3476 #   -50,   -70,   -80,   -80,   -90,  -130,  -130,  -190,  -410,  -410,  -410,  -410,  -410,  -420,  -420,  -420,  -420,  -440,  -440,  -450,  -460,  -460,  -460,  -460,  -460,  -470,  -480,  -490,  -500,  -500,  -510,  -630
########################################################################################################################################################################################################
d=0 t=   0 #     0,     1,     2,     3,     4,     5,     6,     7,     8,     9,    10,    14,    17,    16,    15,    13,    12,    11,    18,    19,    20,    21,    22,    23,    24,    25,    26,    27,    28
d=0 t=   0 #    70,    60,    60,    60,    60,    60,    50,    50,    50,    40,    40,    30,    30,    30,    30,    30,    30,    30,    20,    20,    10,    10,    10,    10,     0,     0,   -20,   -30,   -30
d=1 t=   2 #     0,     1,     3,     4,     5,     6,     7,     8,     9,    10,    15,    11,    13,    18,    19,    20,    21,    22,    25,    26,    27,    28,     2,    14,    12,    23,    16,    24,    17
d=1 t=   2 #     0,   -10,   -10,   -10,   -10,   -20,   -20,   -20,   -30,   -30,   -40,   -40,   -40,   -50,   -50,   -60,   -60,   -60,   -70,   -90,  -100,  -100,  -200,  -230,  -230,  -240,  -260,  -570,  -590
d=2 t=  10 #     8,     1,     3,     4,     0,    19,    18,     7,     2,     5,     6,    24,    10,     9,    15,    11,    13,    20,    16,    27,    23,    21,    25,    22,    28,    26,    14,    12,    17
d=2 t=  10 #   270,   260,   210,   210,   210,   190,   190,   190,   160,    60,    50,    50,    40,    30,    30,    30,    30,    30,    30,    30,    30,    10,     0,     0,   -30,   -30,  -160,  -160,  -520
d=3 t= 108 #    10,     3,     4,     0,     5,     8,     7,     6,     9,    27,    20,    13,    15,    11,    23,    18,    19,    21,    24,    25,    16,    22,    28,    26,    14,     2,     1,    12,    17
d=3 t= 108 #   -70,  -150,  -150,  -150,  -150,  -160,  -160,  -160,  -170,  -170,  -170,  -170,  -170,  -180,  -180,  -190,  -190,  -200,  -210,  -210,  -220,  -220,  -230,  -230,  -230,  -240,  -270,  -340,  -590
d=4 t= 637 #     8,     6,    12,    27,     1,    19,     4,     0,     5,     2,     3,     7,    25,    23,    26,    21,    11,    13,    20,    15,    22,    18,    16,    28,     9,    14,    10,    24,    17
d=4 t= 637 #   280,   280,   280,   280,   280,   280,   270,   270,   270,   270,   260,   260,   250,   240,   240,   240,   240,   240,   240,   230,   190,   180,   180,   180,   170,   150,    80,    50,  -210
d=0 t=   0 #     0,     1,     2,     3,     4,     5,     6,     7,     8,     9,    10,    14,    17,    16,    15,    13,    12,    11,    18,    19,    20,    21,    22,    23,    24,    25,    26,    27,    28
d=0 t=   0 #    70,    60,    60,    60,    60,    60,    50,    50,    50,    40,    40,    30,    30,    30,    30,    30,    30,    30,    20,    20,    10,    10,    10,    10,     0,     0,   -20,   -30,   -30
d=1 t=   2 #     0,     1,     3,     4,     5,     6,     7,     8,     9,    10,    15,    11,    13,    18,    19,    20,    21,    22,    25,    26,    27,    28,     2,    14,    12,    23,    16,    24,    17
d=1 t=   2 #     0,   -10,   -10,   -10,   -10,   -20,   -20,   -20,   -30,   -30,   -40,   -40,   -40,   -50,   -50,   -60,   -60,   -60,   -70,   -90,  -100,  -100,  -200,  -230,  -230,  -240,  -260,  -570,  -590
d=2 t=  12 #     8,     1,     3,     4,     0,    19,    18,     7,     2,     5,     6,    24,    10,     9,    15,    11,    13,    20,    16,    27,    23,    21,    25,    22,    28,    26,    14,    12,    17
d=2 t=  12 #   270,   260,   210,   210,   210,   190,   190,   190,   160,    60,    50,    50,    40,    30,    30,    30,    30,    30,    30,    30,    30,    10,     0,     0,   -30,   -30,  -160,  -160,  -520
d=3 t= 114 #    10,     3,     4,     0,     5,     8,     7,     6,     9,    27,    20,    13,    15,    11,    23,    18,    19,    21,    24,    25,    16,    22,    28,    26,    14,     2,     1,    12,    17
d=3 t= 114 #   -70,  -150,  -150,  -150,  -150,  -160,  -160,  -160,  -170,  -170,  -170,  -170,  -170,  -180,  -180,  -190,  -190,  -200,  -210,  -210,  -220,  -220,  -230,  -230,  -230,  -240,  -270,  -340,  -590
d=4 t= 671 #     8,     6,    12,    27,     1,    19,     4,     0,     5,     2,     3,     7,    25,    23,    26,    21,    11,    13,    20,    15,    22,    18,    16,    28,     9,    14,    10,    24,    17
d=4 t= 671 #   280,   280,   280,   280,   280,   280,   270,   270,   270,   270,   260,   260,   250,   240,   240,   240,   240,   240,   240,   230,   190,   180,   180,   180,   170,   150,    80,    50,  -210
d=5 t=8848 #     7,    18,    26,    25,     3,     9,    10,     0,     5,    15,    11,    16,    20,    23,    21,    13,    24,    22,     2,    28,     4,     6,    19,     1,    27,     8,    12,    14,    17
d=5 t=8848 #   -50,   -50,   -50,   -50,   -50,   -50,   -50,   -70,   -70,   -80,   -80,   -90,   -90,   -90,   -90,   -90,  -100,  -100,  -120,  -140,  -150,  -190,  -190,  -190,  -190,  -190,  -210,  -240,  -280
########################################################################################################################################################################################################
d=0 t=   0 #     0,     2,     3,     4,     5,     6,     7,     9,     8,    10,    11,    12,    13,    14,    15,    16,    19,    18,    17,    20,    21,    22,    23,    24,    25,    26,    27,    28,    29,    30,    31,    32,     1
d=0 t=   0 #   220,    70,    70,    70,    70,    70,    60,    50,    50,    40,    40,    40,    40,    40,    30,    20,    20,    20,    20,    10,    10,    10,    10,    10,   -10,   -10,   -10,   -20,   -20,   -20,   -20,   -70,  -770
d=1 t=   2 #     5,    32,    30,    31,     6,     7,    13,    10,     8,     9,    11,    12,    17,    15,    14,    19,    18,    21,    22,    23,    16,    26,    27,    28,    29,     0,    20,     2,     3,    24,    25,     1,     4
d=1 t=   2 #     0,   -70,   -80,   -90,  -190,  -210,  -220,  -220,  -220,  -220,  -230,  -230,  -230,  -240,  -250,  -250,  -250,  -260,  -260,  -260,  -270,  -280,  -280,  -290,  -290,  -390,  -560,  -600,  -660,  -670,  -700,  -770, -1760
d=2 t=   8 #     2,     3,     5,     8,     9,    29,    13,    18,    11,    12,    19,    14,     6,    21,    15,    17,    16,    22,    26,    27,    30,    20,    23,    28,     7,    10,    31,    32,     0,    25,    24,     1,     4
d=2 t=   8 #   280,   250,   210,   200,   190,   180,   180,   180,   180,   180,   180,   180,   170,   170,   170,   160,   160,   150,   140,   140,    70,    60,    10,    10,     0,   -10,   -30,   -70,  -320,  -570,  -600,  -770, -1760
d=3 t= 131 #     7,     1,    30,     6,    31,     3,    23,    28,    32,     2,     5,     9,     8,    12,    19,    14,    11,    18,    13,    17,    16,    20,    27,    26,    22,    15,    21,    29,    10,     0,    25,    24,     4
d=3 t= 131 #     0,     0,   -30,   -30,   -60,   -70,   -70,   -70,   -70,   -90,   -90,  -110,  -110,  -120,  -120,  -120,  -120,  -120,  -120,  -120,  -140,  -150,  -150,  -150,  -150,  -150,  -150,  -180,  -220,  -350,  -570,  -710, -1250
d=4 t= 619 #     1,     3,    13,     9,    11,    29,    21,    15,    17,    14,    12,     2,     5,    19,    32,    22,    28,    23,     8,     6,    26,    16,    10,    31,     7,    18,    30,    27,     0,    20,     4,    24,    25
d=4 t= 619 #   410,   410,   410,   410,   400,   400,   400,   400,   400,   400,   400,   390,   390,   380,   380,   380,   380,   380,   370,   370,   360,   340,   340,   340,   330,   320,   320,   310,   220,   200,   -40,  -180,  -200
d=0 t=   0 #     0,     1,     2,     3,     4,     5,     6,     7,    10,    12,    11,     9,     8,    13,    14,    22,    21,    20,    19,    17,    16,    15,    18,    23,    24,    25,    26,    27,    28,    31,    30,    29,    32,    33,    34,    35,    36,    37
d=0 t=   0 #   280,    90,    90,    80,    80,    80,    80,    80,    70,    70,    70,    70,    70,    60,    60,    50,    50,    50,    50,    50,    50,    50,    50,    40,    40,    40,    40,    40,    30,    30,    30,    30,    20,    20,     0,     0,   -10,   -10
d=1 t=   2 #    26,    24,     0,     1,     2,     3,     4,     5,     6,     7,    12,     8,    11,    10,    13,    14,    17,    19,    21,    22,    20,    23,    27,    28,    29,    30,    31,    18,    33,    34,    35,    36,    37,    32,    15,    16,     9,    25
d=1 t=   2 #   -20,   -30,   -80,  -170,  -170,  -180,  -180,  -180,  -180,  -180,  -190,  -190,  -190,  -190,  -200,  -200,  -210,  -210,  -210,  -210,  -210,  -220,  -220,  -230,  -230,  -230,  -230,  -240,  -240,  -260,  -260,  -270,  -270,  -550,  -570,  -570,  -580,  -620
d=2 t=   7 #    26,     1,     2,     5,     6,     7,    12,     4,    14,    27,     8,    32,    24,    30,    10,    23,     0,     3,    11,    13,    37,    36,    18,    22,    29,    28,    20,    21,    19,    17,    31,    33,    34,    35,    15,    16,    25,     9
d=2 t=   7 #   320,   120,   120,   120,   120,   120,   120,   110,   110,    90,    90,    70,    50,    50,    20,    20,   -10,  -110,  -120,  -130,  -140,  -140,  -140,  -140,  -140,  -140,  -140,  -140,  -140,  -140,  -160,  -170,  -190,  -190,  -310,  -310,  -360,  -510
d=3 t= 105 #    26,    32,     2,     5,     6,     7,    12,    21,     1,     3,     4,    24,    10,    23,    14,    11,    17,    31,    19,     0,    20,    22,    18,     8,    36,    29,    28,    30,    27,    33,    35,    37,    13,    34,    16,    15,    25,     9
d=3 t= 105 #  -160,  -190,  -210,  -210,  -210,  -210,  -210,  -210,  -220,  -220,  -220,  -230,  -230,  -230,  -230,  -230,  -250,  -250,  -250,  -250,  -250,  -250,  -250,  -250,  -270,  -270,  -270,  -270,  -280,  -280,  -300,  -310,  -480,  -540,  -610,  -620,  -660,  -850
d=4 t= 835 #    11,    35,    33,    27,     8,    13,    14,    23,    10,    24,     3,    34,     7,    12,     4,     1,    29,    37,    19,    18,    30,    28,    36,    21,    22,    20,     6,     0,     5,     2,    31,    26,    17,    32,    16,    25,     9,    15
d=4 t= 835 #   250,   250,   250,   250,   250,   250,   250,   250,   250,   250,   250,   250,   250,   250,   250,   250,   200,   190,   190,   170,   170,   170,   170,   170,   170,   170,   160,   160,   160,   160,   150,   110,    70,    60,    40,   -10,  -200,  -470
